_Slack LF1 BUS1
3 +0.500000000000000E+02
+0.339662577666451E+04 +0.359611631133364E-10 +0.395320858191211E+02 -0.225841801812436E+02 +0.339662577665934E+04 -0.160004179644608E-15 
+0.339662577666451E+04 -0.119999999999964E+03 +0.395320858191131E+02 -0.142584180181213E+03 +0.339662577665934E+04 -0.120000000000000E+03 
+0.339662577666451E+04 +0.120000000000036E+03 +0.395320858191087E+02 +0.974158198187725E+02 +0.339662577665934E+04 +0.120000000000000E+03 
_PQload Load_bus2a BUS2a
1 +0.500000000000000E+02
+0.000000000000000E+00 +0.000000000000000E+00 +0.703891514713703E+01 -0.182776668015944E+02 +0.339535460573793E+04 -0.319423778560071E-01 
_PQload Load_bus2b BUS2b
1 +0.500000000000000E+02
+0.000000000000000E+00 +0.000000000000000E+00 +0.703891514713702E+01 -0.138277666801594E+03 +0.339535460573793E+04 -0.120031942377856E+03 
_PQload Load_bus2c BUS2c
1 +0.500000000000000E+02
+0.000000000000000E+00 +0.000000000000000E+00 +0.703891514713703E+01 +0.101722333198406E+03 +0.339535460573793E+04 +0.119968057622144E+03 
_PQload Load_bus3a BUS3a
1 +0.500000000000000E+02
+0.000000000000000E+00 +0.000000000000000E+00 +0.817107481936085E+01 -0.267523092215067E+02 +0.338841554631508E+04 -0.159493979643461E+00 
_PQload Load_bus3b BUS3b
1 +0.500000000000000E+02
+0.000000000000000E+00 +0.000000000000000E+00 +0.817107481936084E+01 -0.146752309221507E+03 +0.338841554631508E+04 -0.120159493979643E+03 
_PQload Load_bus3c BUS3c
1 +0.500000000000000E+02
+0.000000000000000E+00 +0.000000000000000E+00 +0.817107481936085E+01 +0.932476907784933E+02 +0.338841554631508E+04 +0.119840506020357E+03 
_PQload Load_bus4a BUS4a
1 +0.500000000000000E+02
+0.000000000000000E+00 +0.000000000000000E+00 +0.709128763520201E+01 -0.256000568282319E+02 +0.338663227744075E+04 -0.188244187152521E+00 
_PQload Load_bus4b BUS4b
1 +0.500000000000000E+02
+0.000000000000000E+00 +0.000000000000000E+00 +0.709128763520200E+01 -0.145600056828232E+03 +0.338663227744076E+04 -0.120188244187153E+03 
_PQload Load_bus4c BUS4c
1 +0.500000000000000E+02
+0.000000000000000E+00 +0.000000000000000E+00 +0.709128763520200E+01 +0.943999431717681E+02 +0.338663227744076E+04 +0.119811755812847E+03 
_PQload Load_bus5a BUS5a
1 +0.500000000000000E+02
+0.000000000000000E+00 +0.000000000000000E+00 +0.102309499102948E+02 -0.205541546649851E+02 +0.338622869787908E+04 -0.194463126978883E+00 
_PQload Load_bus5b BUS5b
1 +0.500000000000000E+02
+0.000000000000000E+00 +0.000000000000000E+00 +0.102309499102948E+02 -0.140554154664985E+03 +0.338622869787908E+04 -0.120194463126979E+03 
_PQload Load_bus5c BUS5c
1 +0.500000000000000E+02
+0.000000000000000E+00 +0.000000000000000E+00 +0.102309499102948E+02 +0.994458453350149E+02 +0.338622869787908E+04 +0.119805536873021E+03 
_PQload Load_bus6a BUS6a
1 +0.500000000000000E+02
+0.000000000000000E+00 +0.000000000000000E+00 +0.706613826436485E+01 -0.221315662015597E+02 +0.338650561653532E+04 -0.188767181274278E+00 
_PQload Load_bus6b BUS6b
1 +0.500000000000000E+02
+0.000000000000000E+00 +0.000000000000000E+00 +0.706613826436484E+01 -0.142131566201560E+03 +0.338650561653532E+04 -0.120188767181274E+03 
_PQload Load_bus6c BUS6c
1 +0.500000000000000E+02
+0.000000000000000E+00 +0.000000000000000E+00 +0.706613826436484E+01 +0.978684337984403E+02 +0.338650561653532E+04 +0.119811232818726E+03 
