1	2	0.01904	0.00835664	7.04E-06	1	207	0,07
2	3	0.099	0.00424115	1.41E-06	1	44	0,03
2	4	0.00952	0.00417832	3.52E-06	1	207	0,035
4	5	0.0234	0.00376991	1.98E-06	1	108	0,03
4	6	0.12705	0.01385442	7.59E-06	1	82	0,105
6	7	0.0363	0.00395841	2.17E-06	1	82	0,03
4	8	0.03878	0.00857655	5.72E-06	1	135	0,07
8	9	0.00816	0.00358142	3.02E-06	1	207	0,03
8	10	0.12705	0.01385442	7.59E-06    1   82	0,105
10	11	0.099	0.00424115	1.41E-06	1	44	0,03
10	12	0.04235	0.00461814	2.53E-06	1	82	0,035
12	13	0.0363	0.00395841	2.17E-06    1   82	0,03
7	14	0.02964	0.00477522	2.51E-06   	1	108	0,038
9   15  0.00816 0.003581416 3.0159E-06  1   100 0,05
13  16  0.00816 0.003581416 3.0159E-06  1   100 0,05
11  17  0.00816 0.003581416 3.0159E-06  1   100 0,05
7   18  0.00816 0.003581416 3.0159E-06  1   100 0,05